                          11111111111111111
                         1122000000000002211
      11111111111       110000000000000000011       11111111111
     1100000000011      100000000000000000001      1100000000011
     1000000000001      100000000010000000001      1000000000001
     1000000000001      1000000001 1000000001      1000000000001
     1000000000001      100000001   100000001      1000000000001
     1000000000001     11000000111111100000011     1000000000001
 1111100000000000111111100000000022200000000011111110000000000011111
112220000000000000000000000000000000000000000000000000000000000022211
100000000000000000000000000000000000000000000000000000000000000000001
100000000000000000000000000000000000000000000000000000000000000000001
100000000000000000000000000000000000000000000000000000000000000000001
100000000000000000001000000000000000000000000000010000000000000000001
10000000000000000001 1000000000000N00000000000001 1000000000000000001
1000000000000000001   10000000000000000000000001   100000000000000001
100000000000000001111111000000000000000000000011111110000000000000001
100000000000000000022200000000000000000000000000222000000000000000001
100000000000000000000000000000000000000000000000000000000000000000001
100000000000000000000000000000000000000000000000000000000000000000001
110000000000000000000000000000000000000000000000000000000000000000011
 1111111111111111111111111111111111111111111111111111111111111111111
